  1.9131791e-002
  7.6145963e-001
  1.4032769e+000
  1.1935591e+000
  1.1431920e+000
  1.1295014e+000
  9.2097365e-001
  3.8941967e-001
  3.5833655e-001
  0.0000000e+000
  3.5415580e-001
  8.1359891e+000
  7.8486324e+000
  8.0447301e+000
  7.1188377e+000
  6.9463746e+000
  6.9823862e+000
  6.9938662e+000
  9.9602990e+000
  1.0353966e+001
  1.0046648e+001
  1.0033118e+001
  9.6146026e+000
  9.2975628e+000
  9.5290593e+000
  1.1631343e+001
  1.2012411e+001
  1.1143478e+001
  1.0712797e+001
  1.1212445e+001
  1.4368922e+001
  1.4229959e+001
  1.3950546e+001
  1.7287514e+001
  1.7622376e+001
  1.7730034e+001
  1.7294135e+001
  1.6690781e+001
  1.6607230e+001
  1.6061356e+001
  1.6043626e+001
  1.5457227e+001
  3.2136803e+001
  3.2351646e+001
  2.4666466e+001
  2.4693388e+001
  3.2491398e+001
  5.0000000e+001
  4.8115847e+001
  4.9169247e+001
